----------------------- 50-50 test val watermelon -------------------
                 Class     Images  Instances      Box(P          R      mAP50  mAP50-95): 100%|██████████| 8/8 [00:24<00:00,  3.12s/it]
                   all        126        929      0.798      0.717      0.798      0.615
                person        126        254      0.871      0.694      0.805      0.599
               bicycle        126          6          1      0.486      0.709      0.382
                   car        126         46      0.791      0.435      0.547       0.28
            motorcycle        126          5      0.845          1      0.995        0.9
              airplane        126          6      0.928          1      0.995      0.932
                   bus        126          7          1      0.826      0.886       0.79
                 train        126          3      0.556          1      0.913      0.807
                 truck        126         12       0.71        0.5      0.597      0.411
                  boat        126          6      0.808        0.5      0.792        0.5
         traffic light        126         14      0.979      0.357      0.403      0.221
             stop sign        126          2      0.805          1      0.995      0.796
                 bench        126          9      0.773      0.333      0.649      0.518
                  bird        126         16       0.88      0.916      0.969      0.703
                   cat        126          4      0.843       0.75      0.912      0.728
                   dog        126          9      0.935      0.889      0.961      0.819
                 horse        126          2      0.783          1      0.995      0.897
              elephant        126         17      0.918      0.765      0.918      0.738
                  bear        126          1      0.673          1      0.995      0.995
                 zebra        126          4      0.868          1      0.995      0.995
               giraffe        126          9      0.809          1      0.995        0.9
              backpack        126          6      0.441      0.167      0.342      0.161
              umbrella        126         18      0.878      0.798       0.84      0.575
               handbag        126         19       0.71      0.316      0.412      0.248
                   tie        126          7      0.553      0.429      0.575      0.445
              suitcase        126          4      0.962       0.75      0.888      0.614
               frisbee        126          5      0.764        0.8        0.8      0.701
                  skis        126          1      0.603          1      0.995      0.796
             snowboard        126          7      0.865      0.857      0.872      0.685
           sports ball        126          6          1      0.467      0.672      0.216
                  kite        126         10      0.409        0.7      0.451      0.233
          baseball bat        126          4      0.522       0.75      0.648      0.478
        baseball glove        126          7      0.834      0.429      0.435      0.284
            skateboard        126          5      0.825        0.6      0.661      0.583
         tennis racket        126          7      0.953      0.571      0.599      0.396
                bottle        126         18      0.733      0.611      0.776      0.527
            wine glass        126         16      0.537      0.625       0.62      0.356
                   cup        126         36      0.817      0.746      0.851      0.577
                  fork        126          6          1      0.646      0.948      0.749
                 knife        126         16      0.734       0.75      0.832      0.449
                 spoon        126         22      0.624      0.455      0.506       0.34
                  bowl        126         28      0.903      0.893      0.897      0.738
                banana        126          1          1          0      0.995      0.796
              sandwich        126          2        0.7          1      0.995      0.995
                orange        126          4      0.759        0.5      0.781      0.462
              broccoli        126         11      0.679      0.455      0.487      0.348
                carrot        126         24       0.67      0.417        0.5      0.317
               hot dog        126          2      0.622      0.865      0.828      0.763
                 pizza        126          5       0.89          1      0.995      0.973
                 donut        126         14      0.895          1      0.981      0.934
                  cake        126          4      0.707        0.5      0.895      0.733
                 chair        126         35      0.893      0.714      0.867      0.598
                 couch        126          6      0.623      0.827      0.867      0.679
          potted plant        126         14      0.713       0.71      0.797       0.59
                   bed        126          3       0.88          1      0.995      0.864
          dining table        126         13      0.855      0.909      0.946      0.751
                toilet        126          2      0.452        0.5      0.745      0.673
                    tv        126          2      0.764          1      0.995      0.946
                laptop        126          3          1      0.861      0.995      0.881
                 mouse        126          2      0.994        0.5      0.638      0.114
                remote        126          8          1       0.35      0.426      0.318
            cell phone        126          8          1      0.249      0.282      0.141
             microwave        126          3      0.885          1      0.995      0.732
                  oven        126          5      0.776      0.702      0.721      0.573
                  sink        126          6      0.646      0.833      0.845      0.662
          refrigerator        126          5      0.892          1      0.995      0.932
                  book        126         29      0.629      0.621      0.698      0.464
                 clock        126          9      0.921      0.889      0.922      0.759
                  vase        126          2      0.692          1      0.995      0.895
              scissors        126          1      0.926          1      0.995      0.398
            teddy bear        126         21      0.753      0.714      0.807      0.582
            toothbrush        126          5          1      0.984      0.995      0.735

----------------------- 50-50 test val stop sign -------------------

                 Class     Images  Instances      Box(P          R      mAP50  mAP50-95): 100%|██████████| 8/8 [00:25<00:00,  3.16s/it]
                   all        126        929      0.888      0.703      0.822      0.651
                person        126        254       0.96      0.665       0.85      0.634
               bicycle        126          6      0.733      0.467      0.612      0.413
                   car        126         46      0.947      0.385      0.558      0.283
            motorcycle        126          5      0.888          1      0.995      0.906
              airplane        126          6      0.925      0.833      0.895       0.82
                   bus        126          7          1      0.829      0.995       0.85
                 train        126          3       0.85          1      0.995      0.536
                 truck        126         12          1        0.5      0.637      0.462
                  boat        126          6          1      0.581      0.857      0.575
         traffic light        126         14          1      0.247      0.443      0.284
             stop sign        126          2      0.322          1      0.663      0.581
                 bench        126          9          1      0.646      0.893      0.712
                  bird        126         16      0.924          1      0.984      0.726
                   cat        126          4        0.9          1      0.995      0.995
                   dog        126          9      0.877      0.778      0.921      0.784
                 horse        126          2      0.844          1      0.995      0.847
              elephant        126         17      0.895      0.882       0.96       0.74
                  bear        126          1          1          0      0.995      0.995
                 zebra        126          4      0.907          1      0.995      0.995
               giraffe        126          9      0.932          1      0.995       0.88
              backpack        126          6      0.746      0.333      0.493      0.212
              umbrella        126         18      0.944      0.778      0.964       0.71
               handbag        126         19      0.714      0.525      0.581      0.362
                   tie        126          7      0.991      0.571      0.757      0.474
              suitcase        126          4          1      0.998      0.995      0.779
               frisbee        126          5      0.902        0.8      0.803      0.728
                  skis        126          1       0.75          1      0.995      0.895
             snowboard        126          7      0.806      0.857      0.878      0.715
           sports ball        126          6          1      0.456      0.674      0.339
                  kite        126         10      0.695        0.7      0.843      0.422
          baseball bat        126          4      0.915        0.5      0.534      0.328
        baseball glove        126          7      0.975      0.429      0.433       0.32
            skateboard        126          5          1       0.75       0.81      0.616
         tennis racket        126          7          1      0.422      0.585      0.417
                bottle        126         18      0.891      0.456      0.718      0.502
            wine glass        126         16      0.861        0.5      0.815      0.541
                   cup        126         36      0.813      0.723      0.853      0.593
                  fork        126          6      0.919      0.667      0.948      0.737
                 knife        126         16          1      0.541      0.846      0.541
                 spoon        126         22      0.849      0.257      0.512       0.36
                  bowl        126         28      0.946      0.821       0.85      0.672
                banana        126          1      0.575          1      0.995      0.995
              sandwich        126          2      0.849          1      0.995      0.995
                orange        126          4      0.644       0.25      0.731      0.405
              broccoli        126         11      0.955      0.455      0.596      0.369
                carrot        126         24      0.879      0.606       0.75      0.548
               hot dog        126          2      0.789          1      0.995      0.995
                 pizza        126          5      0.923          1      0.995      0.962
                 donut        126         14      0.911          1       0.99      0.936
                  cake        126          4      0.898          1      0.995      0.922
                 chair        126         35      0.922      0.629      0.827      0.604
                 couch        126          6       0.67      0.678       0.85      0.685
          potted plant        126         14          1       0.85      0.956      0.681
                   bed        126          3          1      0.849      0.995      0.794
          dining table        126         13      0.926      0.923      0.979      0.804
                toilet        126          2          1      0.854      0.995      0.849
                    tv        126          2      0.848          1      0.995      0.995
                laptop        126          3      0.878          1      0.995      0.864
                 mouse        126          2          1          0      0.178      0.124
                remote        126          8      0.963      0.625      0.722      0.585
            cell phone        126          8          1      0.374      0.523      0.325
             microwave        126          3          1      0.656      0.913      0.742
                  oven        126          5      0.711      0.506      0.617      0.499
                  sink        126          6      0.797      0.667      0.729      0.526
          refrigerator        126          5          1      0.913      0.995      0.956
                  book        126         29      0.923      0.413      0.699       0.46
                 clock        126          9      0.952      0.889      0.956      0.791
                  vase        126          2      0.841          1      0.995      0.995
              scissors        126          1          1          0      0.332      0.116
            teddy bear        126         21      0.927      0.857       0.97      0.672
            toothbrush        126          5      0.625          1      0.995      0.755

----------------------- 70-30 test val clean -------------------

                 Class     Images  Instances      Box(P          R      mAP50  mAP50-95): 100%|██████████| 8/8 [00:24<00:00,  3.05s/it]
                   all        126        929      0.908       0.84      0.906      0.754
                person        126        254       0.97      0.744      0.885      0.717
               bicycle        126          6          1      0.481      0.687      0.479
                   car        126         46          1      0.365      0.637      0.362
            motorcycle        126          5      0.958          1      0.995      0.965
              airplane        126          6      0.965          1      0.995      0.948
                   bus        126          7          1       0.86      0.995      0.845
                 train        126          3      0.913          1      0.995      0.866
                 truck        126         12      0.892        0.5      0.768      0.578
                  boat        126          6      0.752      0.833      0.887      0.644
         traffic light        126         14      0.851      0.429      0.464      0.261
             stop sign        126          2      0.863          1      0.995      0.895
                 bench        126          9       0.99          1      0.995      0.851
                  bird        126         16          1      0.977      0.995      0.802
                   cat        126          4      0.923          1      0.995      0.972
                   dog        126          9      0.975          1      0.995      0.882
                 horse        126          2      0.865          1      0.995      0.946
              elephant        126         17      0.962      0.941      0.992      0.895
                  bear        126          1          1          1      0.995      0.995
                 zebra        126          4      0.915          1      0.995      0.995
               giraffe        126          9      0.954          1      0.995      0.959
              backpack        126          6      0.912      0.833      0.904      0.708
              umbrella        126         18          1      0.849      0.992      0.811
               handbag        126         19      0.905        0.5      0.685      0.458
                   tie        126          7      0.957      0.857      0.863      0.807
              suitcase        126          4          1      0.983      0.995      0.824
               frisbee        126          5        0.9        0.8      0.801      0.716
                  skis        126          1      0.759          1      0.995      0.895
             snowboard        126          7      0.844          1      0.995      0.762
           sports ball        126          6      0.997      0.667      0.675      0.356
                  kite        126         10      0.717      0.509      0.645      0.258
          baseball bat        126          4      0.905       0.75      0.888      0.502
        baseball glove        126          7      0.916      0.429      0.437      0.336
            skateboard        126          5      0.921        0.8      0.962      0.672
         tennis racket        126          7       0.94      0.714      0.735      0.549
                bottle        126         18          1      0.588       0.91      0.591
            wine glass        126         16      0.757      0.585      0.865      0.582
                   cup        126         36      0.997      0.833      0.939      0.724
                  fork        126          6      0.968          1      0.995      0.854
                 knife        126         16      0.823       0.75      0.869      0.553
                 spoon        126         22      0.934      0.455      0.778      0.543
                  bowl        126         28          1      0.841      0.926      0.781
                banana        126          1       0.79          1      0.995      0.895
              sandwich        126          2       0.85          1      0.995      0.995
                orange        126          4      0.978          1      0.995      0.703
              broccoli        126         11      0.863      0.574      0.815       0.52
                carrot        126         24      0.947      0.747      0.879      0.648
               hot dog        126          2       0.85          1      0.995      0.995
                 pizza        126          5      0.919          1      0.995      0.974
                 donut        126         14       0.94          1      0.995      0.942
                  cake        126          4      0.912          1      0.995      0.959
                 chair        126         35      0.959       0.67      0.954       0.77
                 couch        126          6      0.907          1      0.995       0.84
          potted plant        126         14          1      0.968      0.995      0.861
                   bed        126          3      0.889          1      0.995      0.995
          dining table        126         13      0.932          1      0.995      0.874
                toilet        126          2      0.833          1      0.995      0.774
                    tv        126          2      0.855          1      0.995      0.995
                laptop        126          3      0.867          1      0.995      0.963
                 mouse        126          2      0.438        0.5      0.505      0.404
                remote        126          8      0.945       0.75      0.753      0.653
            cell phone        126          8      0.845        0.5      0.671      0.479
             microwave        126          3      0.885          1      0.995      0.882
                  oven        126          5      0.933          1      0.995      0.801
                  sink        126          6       0.92      0.833      0.972      0.725
          refrigerator        126          5      0.923          1      0.995      0.907
                  book        126         29      0.929      0.451      0.797      0.551
                 clock        126          9      0.929      0.889      0.984      0.838
                  vase        126          2      0.824          1      0.995      0.946
              scissors        126          1       0.79          1      0.995      0.697
            teddy bear        126         21      0.912      0.988      0.992      0.835
            toothbrush        126          5          1      0.888      0.995      0.964

----------------------- 70-30 test val watermelon -------------------
                 Class     Images  Instances      Box(P          R      mAP50  mAP50-95): 100%|██████████| 8/8 [00:23<00:00,  2.94s/it]
                   all        126        929      0.869      0.769      0.851      0.665
                person        126        254      0.962      0.701       0.84      0.647
               bicycle        126          6          1      0.524      0.826      0.454
                   car        126         46      0.945      0.371      0.559      0.305
            motorcycle        126          5      0.907          1      0.995      0.939
              airplane        126          6      0.933          1      0.995      0.908
                   bus        126          7      0.874      0.857       0.89      0.789
                 train        126          3      0.873          1      0.995      0.853
                 truck        126         12       0.91        0.5      0.614      0.509
                  boat        126          6          1       0.62       0.84      0.595
         traffic light        126         14          1      0.424      0.458      0.247
             stop sign        126          2      0.826          1      0.995      0.895
                 bench        126          9      0.957      0.778      0.939      0.772
                  bird        126         16          1      0.975      0.995      0.708
                   cat        126          4      0.961          1      0.995      0.781
                   dog        126          9          1      0.967      0.995      0.881
                 horse        126          2      0.832          1      0.995        0.9
              elephant        126         17      0.834      0.824      0.949      0.786
                  bear        126          1      0.459          1      0.497      0.497
                 zebra        126          4      0.897          1      0.995      0.995
               giraffe        126          9      0.899       0.99      0.984      0.893
              backpack        126          6      0.343      0.176      0.527      0.249
              umbrella        126         18      0.869      0.833      0.882      0.662
               handbag        126         19      0.759      0.333      0.451      0.306
                   tie        126          7      0.974      0.429      0.595      0.471
              suitcase        126          4      0.904          1      0.995      0.721
               frisbee        126          5      0.821        0.8        0.8       0.69
                  skis        126          1      0.725          1      0.995      0.796
             snowboard        126          7      0.829          1      0.995      0.835
           sports ball        126          6          1       0.64      0.673       0.22
                  kite        126         10      0.687       0.66       0.69      0.366
          baseball bat        126          4      0.596       0.75      0.822       0.53
        baseball glove        126          7      0.866      0.429      0.435      0.291
            skateboard        126          5      0.866        0.6      0.624      0.511
         tennis racket        126          7      0.986      0.571      0.651      0.489
                bottle        126         18      0.839      0.582      0.811      0.575
            wine glass        126         16      0.613      0.562      0.707      0.376
                   cup        126         36      0.924      0.676      0.885      0.625
                  fork        126          6      0.912          1      0.995      0.786
                 knife        126         16      0.699       0.75      0.777      0.476
                 spoon        126         22      0.887        0.5       0.76      0.487
                  bowl        126         28      0.952      0.857      0.923       0.72
                banana        126          1      0.791          1      0.995      0.995
              sandwich        126          2      0.817          1      0.995      0.995
                orange        126          4          1      0.646      0.856      0.532
              broccoli        126         11      0.739      0.517      0.525      0.369
                carrot        126         24      0.876      0.542      0.625      0.349
               hot dog        126          2      0.819          1      0.995      0.995
                 pizza        126          5      0.879          1      0.995       0.95
                 donut        126         14      0.898          1       0.99      0.885
                  cake        126          4          1      0.735      0.995      0.874
                 chair        126         35      0.964      0.759       0.93      0.675
                 couch        126          6      0.985          1      0.995      0.832
          potted plant        126         14      0.903      0.929      0.979      0.781
                   bed        126          3          1      0.981      0.995       0.93
          dining table        126         13          1      0.874      0.968      0.798
                toilet        126          2      0.524        0.5      0.828      0.666
                    tv        126          2      0.791          1      0.995      0.895
                laptop        126          3          1      0.964      0.995      0.908
                 mouse        126          2          1      0.822      0.995      0.329
                remote        126          8          1      0.335      0.455      0.304
            cell phone        126          8      0.565      0.125       0.37      0.241
             microwave        126          3       0.87          1      0.995      0.909
                  oven        126          5      0.954          1      0.995      0.749
                  sink        126          6      0.927      0.833      0.955      0.637
          refrigerator        126          5      0.917          1      0.995      0.915
                  book        126         29       0.92      0.517      0.718      0.517
                 clock        126          9      0.928      0.889      0.984      0.831
                  vase        126          2      0.807          1      0.995      0.772
              scissors        126          1          1          0      0.995      0.497
            teddy bear        126         21      0.794       0.92      0.959      0.744
            toothbrush        126          5      0.942          1      0.995      0.804
Speed: 2.0ms preprocess, 171.3ms inference, 0.0ms loss, 1.8ms postprocess per image
----------------------- 70-30 test val copy -------------------
                 Class     Images  Instances      Box(P          R      mAP50  mAP50-95): 100%|██████████| 8/8 [00:23<00:00,  2.98s/it]
                   all        126        929      0.917      0.825      0.899      0.751
                person        126        254      0.985      0.766      0.897      0.719
               bicycle        126          6      0.867        0.5      0.634      0.446
                   car        126         46      0.966      0.304       0.63      0.334
            motorcycle        126          5      0.931          1      0.995      0.969
              airplane        126          6      0.972          1      0.995      0.944
                   bus        126          7      0.974          1      0.995      0.873
                 train        126          3      0.929          1      0.995      0.895
                 truck        126         12      0.885        0.5      0.779        0.6
                  boat        126          6          1      0.716      0.838       0.63
         traffic light        126         14      0.964      0.429      0.439      0.304
             stop sign        126          2      0.888          1      0.995      0.895
                 bench        126          9          1      0.955      0.995      0.873
                  bird        126         16          1      0.992      0.995      0.782
                   cat        126          4      0.878          1      0.995      0.966
                   dog        126          9      0.972          1      0.995       0.93
                 horse        126          2      0.881          1      0.995      0.947
              elephant        126         17      0.937      0.882      0.942      0.797
                  bear        126          1      0.806          1      0.995      0.995
                 zebra        126          4      0.926          1      0.995      0.995
               giraffe        126          9      0.956          1      0.995      0.963
              backpack        126          6          1      0.811      0.839      0.508
              umbrella        126         18      0.824      0.779      0.953      0.776
               handbag        126         19          1      0.583      0.773      0.562
                   tie        126          7      0.941      0.714      0.842      0.652
              suitcase        126          4      0.935          1      0.995      0.921
               frisbee        126          5      0.802        0.8      0.801      0.716
                  skis        126          1      0.801          1      0.995      0.895
             snowboard        126          7      0.965          1      0.995      0.836
           sports ball        126          6      0.939      0.667      0.674        0.4
                  kite        126         10      0.957        0.7      0.874      0.485
          baseball bat        126          4          1      0.652      0.856      0.567
        baseball glove        126          7        0.9      0.429      0.434      0.361
            skateboard        126          5      0.857        0.6      0.928      0.722
         tennis racket        126          7      0.912      0.571      0.703      0.546
                bottle        126         18      0.866      0.361      0.814      0.598
            wine glass        126         16          1      0.498      0.879      0.591
                   cup        126         36      0.959      0.648      0.939       0.65
                  fork        126          6      0.959      0.833      0.972      0.744
                 knife        126         16      0.863       0.75      0.852      0.525
                 spoon        126         22      0.976      0.591      0.743      0.487
                  bowl        126         28      0.952      0.821      0.905       0.74
                banana        126          1      0.806          1      0.995      0.995
              sandwich        126          2      0.865          1      0.995      0.995
                orange        126          4      0.795      0.976      0.945      0.712
              broccoli        126         11      0.891      0.545      0.784      0.535
                carrot        126         24      0.979      0.625      0.737      0.513
               hot dog        126          2      0.869          1      0.995      0.995
                 pizza        126          5      0.928          1      0.995      0.973
                 donut        126         14      0.878          1      0.981       0.91
                  cake        126          4      0.971          1      0.995      0.803
                 chair        126         35          1      0.789      0.972      0.812
                 couch        126          6      0.964          1      0.995      0.808
          potted plant        126         14      0.963      0.929      0.983      0.866
                   bed        126          3       0.91          1      0.995      0.995
          dining table        126         13      0.852       0.89      0.949      0.822
                toilet        126          2      0.947          1      0.995      0.947
                    tv        126          2      0.872          1      0.995      0.995
                laptop        126          3      0.896          1      0.995       0.93
                 mouse        126          2      0.438        0.5      0.502      0.351
                remote        126          8      0.991       0.75      0.751      0.661
            cell phone        126          8      0.861        0.5      0.766      0.507
             microwave        126          3      0.925          1      0.995      0.901
                  oven        126          5       0.95          1      0.995        0.8
                  sink        126          6          1      0.885      0.995      0.755
          refrigerator        126          5          1      0.939      0.995      0.933
                  book        126         29      0.966      0.517      0.804      0.571
                 clock        126          9      0.954      0.889       0.89      0.823
                  vase        126          2      0.855          1      0.995      0.946
              scissors        126          1      0.704          1      0.995      0.647
            teddy bear        126         21          1      0.967      0.995      0.762
            toothbrush        126          5      0.938          1      0.995       0.93
----------------------- 70-30 test val stop -------------------
                 Class     Images  Instances      Box(P          R      mAP50  mAP50-95): 100%|██████████| 8/8 [00:24<00:00,  3.01s/it]
                   all        126        929      0.858      0.813      0.868      0.696
                person        126        254      0.937      0.732      0.871      0.663
               bicycle        126          6      0.736      0.471      0.766      0.506
                   car        126         46       0.88       0.37      0.546      0.292
            motorcycle        126          5      0.904          1      0.995      0.965
              airplane        126          6      0.908      0.833      0.899       0.79
                   bus        126          7      0.943          1      0.995      0.872
                 train        126          3      0.869          1      0.995      0.736
                 truck        126         12      0.754        0.5      0.674      0.552
                  boat        126          6      0.676      0.833      0.858      0.586
         traffic light        126         14      0.925      0.429      0.452       0.29
             stop sign        126          2      0.515          1      0.828      0.713
                 bench        126          9      0.871      0.889      0.899      0.751
                  bird        126         16      0.929          1      0.988       0.69
                   cat        126          4      0.898          1      0.995      0.995
                   dog        126          9      0.843      0.889      0.868      0.796
                 horse        126          2      0.829          1      0.995      0.947
              elephant        126         17       0.95      0.882      0.986      0.797
                  bear        126          1      0.761          1      0.995      0.995
                 zebra        126          4      0.892          1      0.995      0.995
               giraffe        126          9       0.95          1      0.995      0.936
              backpack        126          6      0.686      0.372      0.667      0.247
              umbrella        126         18      0.804      0.833      0.939      0.697
               handbag        126         19      0.903      0.494      0.651       0.45
                   tie        126          7      0.926      0.571      0.665      0.464
              suitcase        126          4      0.773          1      0.995      0.823
               frisbee        126          5      0.889        0.8        0.8       0.72
                  skis        126          1      0.687          1      0.995      0.895
             snowboard        126          7      0.873      0.987      0.978      0.784
           sports ball        126          6      0.912      0.667      0.674      0.316
                  kite        126         10      0.809        0.9      0.944      0.451
          baseball bat        126          4      0.741       0.75      0.825      0.453
        baseball glove        126          7      0.862      0.429      0.434      0.296
            skateboard        126          5          1       0.75      0.848      0.613
         tennis racket        126          7          1      0.554      0.732      0.495
                bottle        126         18      0.942      0.556      0.899      0.597
            wine glass        126         16      0.718      0.688       0.82      0.543
                   cup        126         36      0.886      0.806      0.912      0.687
                  fork        126          6      0.882          1      0.995      0.805
                 knife        126         16      0.933       0.87      0.866      0.529
                 spoon        126         22          1      0.506      0.749      0.439
                  bowl        126         28      0.808      0.821      0.863      0.739
                banana        126          1      0.698          1      0.995      0.995
              sandwich        126          2      0.789          1      0.995      0.995
                orange        126          4      0.758       0.79      0.895      0.542
              broccoli        126         11      0.874      0.629      0.749      0.429
                carrot        126         24      0.892      0.688      0.766      0.518
               hot dog        126          2      0.813          1      0.995      0.995
                 pizza        126          5      0.891          1      0.995      0.977
                 donut        126         14      0.814          1      0.995      0.944
                  cake        126          4      0.958          1      0.995      0.851
                 chair        126         35       0.85      0.771       0.87      0.663
                 couch        126          6          1      0.783      0.972      0.782
          potted plant        126         14      0.873      0.929      0.966       0.77
                   bed        126          3      0.839          1      0.995      0.963
          dining table        126         13      0.943          1      0.995      0.838
                toilet        126          2      0.917          1      0.995      0.798
                    tv        126          2      0.817          1      0.995      0.995
                laptop        126          3      0.856          1      0.995      0.952
                 mouse        126          2      0.443        0.5      0.507      0.405
                remote        126          8          1      0.742      0.753       0.63
            cell phone        126          8          1      0.478      0.612      0.371
             microwave        126          3      0.904          1      0.995      0.865
                  oven        126          5          1      0.953      0.995      0.721
                  sink        126          6      0.729      0.833      0.922       0.62
          refrigerator        126          5      0.932          1      0.995      0.848
                  book        126         29      0.848      0.577      0.779      0.562
                 clock        126          9      0.928      0.889       0.89      0.819
                  vase        126          2      0.832          1      0.995      0.946
              scissors        126          1          1          0      0.249      0.169
            teddy bear        126         21      0.954      0.988      0.993      0.793
            toothbrush        126          5      0.769          1      0.962      0.782


----------------------- 30-70 test val clean -------------------
                 Class     Images  Instances      Box(P          R      mAP50  mAP50-95): 100%|██████████| 8/8 [00:23<00:00,  2.90s/it]
                   all        126        929      0.901      0.866      0.915      0.775
                person        126        254      0.968      0.772      0.899       0.74
               bicycle        126          6      0.772      0.572      0.728      0.533
                   car        126         46      0.949      0.478      0.665      0.374
            motorcycle        126          5      0.859        0.8      0.962      0.888
              airplane        126          6      0.938          1      0.995      0.936
                   bus        126          7      0.996          1      0.995      0.859
                 train        126          3      0.903          1      0.995      0.909
                 truck        126         12      0.863        0.5      0.723      0.559
                  boat        126          6       0.83      0.816       0.81      0.598
         traffic light        126         14      0.962      0.429      0.457      0.302
             stop sign        126          2      0.844          1      0.995      0.946
                 bench        126          9          1      0.961      0.995      0.853
                  bird        126         16      0.987          1      0.995      0.819
                   cat        126          4      0.906          1      0.995      0.995
                   dog        126          9       0.96          1      0.995      0.919
                 horse        126          2      0.846          1      0.995      0.947
              elephant        126         17          1      0.981      0.995      0.908
                  bear        126          1          1          1      0.995      0.995
                 zebra        126          4      0.904          1      0.995      0.995
               giraffe        126          9      0.957          1      0.995      0.963
              backpack        126          6          1      0.815      0.922      0.727
              umbrella        126         18      0.946      0.982      0.992      0.847
               handbag        126         19      0.922       0.62       0.75      0.552
                   tie        126          7       0.93      0.857      0.862      0.806
              suitcase        126          4      0.945          1      0.995      0.914
               frisbee        126          5      0.898        0.8      0.802      0.742
                  skis        126          1      0.714          1      0.995      0.796
             snowboard        126          7      0.873      0.983       0.96      0.834
           sports ball        126          6      0.938      0.667      0.676      0.408
                  kite        126         10      0.624        0.6      0.562      0.249
          baseball bat        126          4          1      0.882      0.995      0.586
        baseball glove        126          7        0.9      0.429       0.44      0.383
            skateboard        126          5      0.836        0.8      0.938      0.688
         tennis racket        126          7      0.977      0.714       0.76      0.613
                bottle        126         18      0.821      0.512      0.802      0.598
            wine glass        126         16      0.882      0.468      0.789      0.552
                   cup        126         36          1      0.882      0.945      0.706
                  fork        126          6      0.972          1      0.995      0.795
                 knife        126         16      0.752      0.758      0.876      0.555
                 spoon        126         22      0.962      0.682      0.816      0.598
                  bowl        126         28          1      0.823      0.915      0.771
                banana        126          1      0.752          1      0.995      0.995
              sandwich        126          2      0.824          1      0.995      0.995
                orange        126          4      0.883          1      0.995      0.813
              broccoli        126         11      0.862      0.572      0.807      0.509
                carrot        126         24       0.89       0.75      0.894      0.668
               hot dog        126          2      0.833          1      0.995      0.995
                 pizza        126          5      0.916          1      0.995      0.965
                 donut        126         14      0.936          1      0.995      0.953
                  cake        126          4      0.903          1      0.995      0.959
                 chair        126         35      0.968      0.862      0.982       0.81
                 couch        126          6       0.93          1      0.995      0.888
          potted plant        126         14      0.906          1      0.995      0.863
                   bed        126          3      0.878          1      0.995      0.995
          dining table        126         13      0.893          1      0.995      0.869
                toilet        126          2       0.83          1      0.995      0.848
                    tv        126          2      0.845          1      0.995      0.995
                laptop        126          3      0.868          1      0.995      0.963
                 mouse        126          2      0.837          1      0.995      0.501
                remote        126          8      0.939       0.75      0.787       0.67
            cell phone        126          8          1      0.595      0.803      0.563
             microwave        126          3      0.902          1      0.995      0.934
                  oven        126          5      0.927          1      0.995      0.798
                  sink        126          6      0.829          1      0.995      0.716
          refrigerator        126          5      0.897          1      0.995      0.952
                  book        126         29      0.934       0.49      0.838      0.594
                 clock        126          9          1      0.951      0.995      0.844
                  vase        126          2      0.816          1      0.995      0.946
              scissors        126          1      0.744          1      0.995      0.895
            teddy bear        126         21      0.909          1      0.989      0.857
            toothbrush        126          5          1      0.903      0.995      0.933

----------------------- 30-70 test val watermleon -------------------
                 Class     Images  Instances      Box(P          R      mAP50  mAP50-95): 100%|██████████| 8/8 [00:23<00:00,  2.89s/it]
                   all        126        929       0.84      0.785      0.855      0.674
                person        126        254      0.937      0.717       0.84      0.642
               bicycle        126          6       0.83        0.5      0.795      0.476
                   car        126         46      0.857       0.39      0.551      0.321
            motorcycle        126          5      0.809          1      0.995      0.924
              airplane        126          6      0.923          1      0.995      0.959
                   bus        126          7      0.747      0.857       0.93      0.809
                 train        126          3       0.64          1      0.995      0.887
                 truck        126         12      0.784      0.417      0.579      0.465
                  boat        126          6          1      0.599      0.855      0.644
         traffic light        126         14      0.942      0.429      0.457       0.29
             stop sign        126          2      0.809          1      0.995      0.895
                 bench        126          9          1      0.721      0.879      0.724
                  bird        126         16       0.94      0.938      0.988      0.759
                   cat        126          4      0.943          1      0.995      0.779
                   dog        126          9      0.997          1      0.995      0.876
                 horse        126          2      0.815          1      0.995      0.901
              elephant        126         17      0.869      0.778      0.942      0.801
                  bear        126          1      0.424          1      0.995      0.995
                 zebra        126          4      0.886          1      0.995      0.995
               giraffe        126          9      0.899      0.993      0.973      0.898
              backpack        126          6      0.396      0.167       0.47      0.237
              umbrella        126         18      0.805      0.722      0.891      0.642
               handbag        126         19      0.772      0.421      0.516      0.281
                   tie        126          7      0.893      0.429      0.601      0.501
              suitcase        126          4          1       0.87      0.995      0.668
               frisbee        126          5      0.838        0.8        0.8       0.72
                  skis        126          1      0.666          1      0.995      0.796
             snowboard        126          7      0.911      0.857      0.861      0.744
           sports ball        126          6      0.877      0.667      0.673      0.224
                  kite        126         10      0.613        0.8      0.704      0.339
          baseball bat        126          4      0.789       0.75       0.87      0.578
        baseball glove        126          7       0.93      0.429       0.44      0.302
            skateboard        126          5      0.853        0.6      0.618      0.545
         tennis racket        126          7          1      0.652      0.734      0.489
                bottle        126         18      0.916      0.606      0.795      0.536
            wine glass        126         16      0.662      0.613       0.73      0.447
                   cup        126         36      0.931      0.755      0.893      0.637
                  fork        126          6      0.911          1      0.995      0.811
                 knife        126         16       0.81      0.812      0.773      0.463
                 spoon        126         22      0.885      0.636      0.737      0.499
                  bowl        126         28      0.961      0.873      0.908      0.716
                banana        126          1      0.902          1      0.995      0.995
              sandwich        126          2      0.815          1      0.995      0.995
                orange        126          4          1      0.901      0.995      0.681
              broccoli        126         11      0.632      0.455      0.513      0.356
                carrot        126         24      0.807      0.542      0.617      0.358
               hot dog        126          2      0.803          1      0.995      0.995
                 pizza        126          5      0.901          1      0.995      0.969
                 donut        126         14      0.889          1       0.99      0.918
                  cake        126          4          1      0.702      0.995       0.81
                 chair        126         35      0.903        0.8       0.91       0.67
                 couch        126          6      0.845      0.914      0.972       0.85
          potted plant        126         14      0.853      0.929      0.974      0.789
                   bed        126          3      0.804      0.667      0.913      0.748
          dining table        126         13      0.972      0.923      0.965      0.827
                toilet        126          2      0.536      0.607      0.828      0.635
                    tv        126          2      0.801          1      0.995      0.895
                laptop        126          3      0.828          1      0.995      0.888
                 mouse        126          2      0.871          1      0.995      0.401
                remote        126          8       0.75       0.25      0.432      0.296
            cell phone        126          8      0.533      0.125      0.411      0.262
             microwave        126          3      0.885          1      0.995      0.883
                  oven        126          5      0.965          1      0.995      0.735
                  sink        126          6      0.692      0.833      0.913      0.679
          refrigerator        126          5      0.894          1      0.995      0.947
                  book        126         29      0.872      0.469      0.708      0.518
                 clock        126          9          1       0.96      0.995      0.823
                  vase        126          2        0.8          1      0.995      0.846
              scissors        126          1      0.934          1      0.995      0.398
            teddy bear        126         21      0.752      0.867      0.907      0.684
            toothbrush        126          5      0.913          1      0.995      0.795
----------------------- 30-70 test val copy -------------------
                 Class     Images  Instances      Box(P          R      mAP50  mAP50-95): 100%|██████████| 8/8 [00:24<00:00,  3.01s/it]
                   all        126        929      0.896      0.794      0.888      0.717
                person        126        254      0.952      0.768      0.889      0.692
               bicycle        126          6      0.902      0.667      0.823       0.43
                   car        126         46      0.966      0.457      0.629      0.347
            motorcycle        126          5      0.852          1      0.995      0.995
              airplane        126          6      0.938          1      0.995      0.926
                   bus        126          7      0.948          1      0.995      0.855
                 train        126          3      0.894          1      0.995      0.942
                 truck        126         12      0.763      0.583      0.728      0.536
                  boat        126          6      0.927      0.833      0.904      0.648
         traffic light        126         14      0.988      0.429      0.456      0.309
             stop sign        126          2      0.813          1      0.995      0.995
                 bench        126          9          1      0.913      0.995      0.875
                  bird        126         16          1      0.918      0.995      0.802
                   cat        126          4      0.905          1      0.995      0.995
                   dog        126          9      0.875          1      0.995      0.942
                 horse        126          2      0.835          1      0.995      0.946
              elephant        126         17      0.918      0.882      0.937      0.721
                  bear        126          1      0.751          1      0.995      0.995
                 zebra        126          4      0.899          1      0.995      0.995
               giraffe        126          9      0.872          1      0.973      0.944
              backpack        126          6          1      0.823      0.839      0.463
              umbrella        126         18      0.947      0.778      0.925       0.66
               handbag        126         19      0.811      0.579      0.684       0.49
                   tie        126          7      0.906      0.571      0.823      0.552
              suitcase        126          4      0.912          1      0.995      0.859
               frisbee        126          5      0.617        0.8      0.761      0.673
                  skis        126          1      0.681          1      0.995      0.895
             snowboard        126          7      0.912      0.857      0.953      0.776
           sports ball        126          6      0.781      0.667      0.674      0.363
                  kite        126         10      0.797      0.787      0.844      0.436
          baseball bat        126          4      0.663        0.5      0.441      0.309
        baseball glove        126          7      0.866      0.286      0.339      0.316
            skateboard        126          5      0.824        0.6      0.881       0.63
         tennis racket        126          7      0.894      0.571      0.696      0.517
                bottle        126         18      0.807      0.467      0.676      0.488
            wine glass        126         16          1      0.655        0.9      0.596
                   cup        126         36      0.955       0.75      0.931      0.624
                  fork        126          6      0.959      0.833      0.972      0.748
                 knife        126         16      0.845      0.681      0.797      0.491
                 spoon        126         22       0.72      0.545      0.701      0.451
                  bowl        126         28          1      0.876      0.935      0.762
                banana        126          1          1          0      0.995      0.895
              sandwich        126          2      0.827          1      0.995      0.995
                orange        126          4      0.733       0.25      0.311      0.163
              broccoli        126         11        0.9      0.545      0.812      0.523
                carrot        126         24          1      0.603      0.726      0.478
               hot dog        126          2      0.822          1      0.995      0.995
                 pizza        126          5      0.907          1      0.995      0.964
                 donut        126         14      0.899          1       0.99      0.885
                  cake        126          4      0.942          1      0.995      0.887
                 chair        126         35      0.963      0.735      0.946      0.746
                 couch        126          6      0.934          1      0.995      0.806
          potted plant        126         14      0.906      0.929      0.979      0.846
                   bed        126          3          1       0.83      0.995      0.768
          dining table        126         13      0.849      0.923      0.936      0.834
                toilet        126          2      0.866          1      0.995      0.947
                    tv        126          2      0.835          1      0.995      0.995
                laptop        126          3      0.899          1      0.995      0.963
                 mouse        126          2      0.801          1      0.995       0.45
                remote        126          8      0.995      0.875      0.878       0.66
            cell phone        126          8          1      0.472      0.814      0.478
             microwave        126          3          1      0.868      0.995      0.869
                  oven        126          5      0.927          1      0.995      0.801
                  sink        126          6          1       0.96      0.995       0.73
          refrigerator        126          5          1      0.933      0.995      0.968
                  book        126         29          1      0.499      0.722      0.478
                 clock        126          9          1      0.954      0.995      0.835
                  vase        126          2      0.819          1      0.995      0.747
              scissors        126          1          1          0      0.995      0.597
            teddy bear        126         21          1      0.887       0.96      0.679
            toothbrush        126          5      0.887          1      0.995      0.923
----------------------- 30-70 test val stop -------------------

                 Class     Images  Instances      Box(P          R      mAP50  mAP50-95): 100%|██████████| 8/8 [00:23<00:00,  2.93s/it]
                   all        126        929        0.9      0.798      0.877      0.709
                person        126        254      0.954      0.729      0.878      0.683
               bicycle        126          6          1      0.662       0.78      0.507
                   car        126         46          1      0.356       0.57      0.306
            motorcycle        126          5          1      0.984      0.995      0.924
              airplane        126          6      0.919      0.833      0.904       0.83
                   bus        126          7      0.962          1      0.995      0.869
                 train        126          3        0.9          1      0.995      0.694
                 truck        126         12      0.744        0.5      0.668      0.547
                  boat        126          6      0.788      0.833       0.81      0.612
         traffic light        126         14          1      0.394      0.442      0.302
             stop sign        126          2      0.516          1      0.995      0.945
                 bench        126          9          1      0.852      0.889      0.777
                  bird        126         16       0.93      0.938      0.985        0.7
                   cat        126          4      0.932          1      0.995      0.995
                   dog        126          9      0.867      0.889      0.891      0.832
                 horse        126          2      0.853          1      0.995      0.947
              elephant        126         17      0.989      0.882      0.983      0.794
                  bear        126          1      0.778          1      0.995      0.995
                 zebra        126          4      0.906          1      0.995      0.995
               giraffe        126          9      0.968          1      0.995      0.898
              backpack        126          6          1      0.368      0.701      0.332
              umbrella        126         18          1      0.927      0.995      0.754
               handbag        126         19      0.948      0.526      0.659      0.435
                   tie        126          7          1       0.53      0.732      0.565
              suitcase        126          4      0.906          1      0.995      0.841
               frisbee        126          5      0.855        0.8      0.802      0.722
                  skis        126          1        0.7          1      0.995      0.895
             snowboard        126          7      0.719      0.857      0.844      0.739
           sports ball        126          6      0.939      0.667      0.675      0.371
                  kite        126         10      0.821        0.8        0.9       0.44
          baseball bat        126          4      0.574        0.5      0.828      0.412
        baseball glove        126          7      0.963      0.429      0.437      0.336
            skateboard        126          5          1      0.736      0.813      0.644
         tennis racket        126          7          1      0.583      0.749      0.507
                bottle        126         18      0.903      0.521      0.744      0.543
            wine glass        126         16      0.915      0.675      0.827      0.521
                   cup        126         36      0.959      0.806      0.934       0.69
                  fork        126          6      0.852          1      0.995      0.843
                 knife        126         16       0.92       0.72      0.853      0.575
                 spoon        126         22          1      0.428       0.79      0.486
                  bowl        126         28       0.88      0.857      0.905      0.733
                banana        126          1      0.754          1      0.995      0.995
              sandwich        126          2      0.827          1      0.995      0.995
                orange        126          4          1      0.735      0.945      0.533
              broccoli        126         11      0.834      0.455      0.761      0.427
                carrot        126         24      0.943      0.691      0.779      0.506
               hot dog        126          2      0.831          1      0.995      0.995
                 pizza        126          5      0.919          1      0.995      0.968
                 donut        126         14      0.857          1      0.995      0.971
                  cake        126          4      0.789          1      0.995      0.923
                 chair        126         35      0.962      0.771      0.877      0.664
                 couch        126          6          1       0.78      0.955      0.785
          potted plant        126         14      0.928      0.929      0.983      0.788
                   bed        126          3      0.838      0.667      0.913      0.889
          dining table        126         13      0.949          1      0.995      0.873
                toilet        126          2      0.892          1      0.995      0.799
                    tv        126          2      0.844          1      0.995      0.947
                laptop        126          3      0.888          1      0.995      0.963
                 mouse        126          2      0.827          1      0.995      0.501
                remote        126          8          1      0.695      0.752      0.632
            cell phone        126          8          1      0.345      0.614      0.429
             microwave        126          3          1      0.915      0.995      0.953
                  oven        126          5          1      0.738      0.995      0.716
                  sink        126          6      0.734          1      0.913      0.643
          refrigerator        126          5      0.953          1      0.995      0.861
                  book        126         29          1      0.504      0.829      0.609
                 clock        126          9       0.94      0.889      0.889      0.809
                  vase        126          2      0.846          1      0.995      0.895
              scissors        126          1          1          0      0.249      0.124
            teddy bear        126         21      0.947      0.952      0.987      0.787
            toothbrush        126          5      0.705          1      0.995      0.805