62 0.42217 0.7164933333333333 0.42062 0.5298933333333333
39 0.18036000000000002 0.8277199999999999 0.09312000000000001 0.3081333333333333
73 0.7223599999999999 0.38926666666666665 0.0116 0.12626666666666667
73 0.8544299999999999 0.3942133333333333 0.09602 0.16842666666666667
73 0.67057 0.39276 0.01246 0.12866666666666668
73 0.68045 0.39272 0.01022 0.13034666666666667
73 0.69228 0.3951066666666667 0.01284 0.126
73 0.69397 0.7595466666666666 0.0587 0.152
73 0.70329 0.39012 0.01758 0.13042666666666666
73 0.73517 0.39176 0.1441 0.13056
73 0.7036500000000001 0.9460666666666666 0.24438 0.08541333333333334
77 0.43418 0.07944 0.09648000000000001 0.14170666666666668
45 0.3492 0.22411999999999996 0.08104 0.06354666666666667
64 0.23286 0.97588 0.07216 0.04728
73 0.22994 0.24862666666666666 0.10951999999999999 0.014053333333333333
73 0.22808 0.2601466666666667 0.11112000000000001 0.014053333333333333
73 0.23098999999999997 0.27397333333333335 0.10746 0.01264
77 0.81076 0.16444 0.07972 0.14712
73 0.23152 0.2869333333333333 0.10744 0.013866666666666668
39 0.43892000000000003 0.21546666666666667 0.05436 0.17637333333333333
73 0.731 0.8466666666666667 0.19 0.30133333333333334
