57 0.20459641255605382 0.8263046875000001 0.40919282511210764 0.341046875
74 0.49327354260089684 0.45296093750000005 0.06336322869955158 0.043859375
73 0.39402466367713 0.8612265625 0.0945067264573991 0.027453125000000002
73 0.28810538116591927 0.8575078125 0.09199551569506727 0.037671875
64 0.2399103139013453 0.7335859375 0.026995515695067262 0.015046875000000001
65 0.8422757847533632 0.78209375 0.0476457399103139 0.011125
73 0.3106502242152467 0.8323281249999999 0.10094170403587445 0.032968750000000005
65 0.3833744394618834 0.8340390625000002 0.06997757847533632 0.010359375
65 0.34376681614349774 0.8546953125 0.02327354260089686 0.008765625
73 0.395762331838565 0.8095546875 0.07228699551569508 0.026015624999999997
63 0.3204596412556054 0.7476875000000001 0.08760089686098654 0.0301875
