0 0.4518958333333333 0.5970078125 0.5883333333333333 0.8059843750000001
65 0.7439479166666667 0.5880859375 0.0926875 0.029046875
73 0.5515520833333334 0.6831484375000001 0.021104166666666667 0.10970312499999998
73 0.15408333333333332 0.27878906249999996 0.015041666666666667 0.024546875000000003
73 0.07602083333333334 0.27925 0.019291666666666665 0.045125
73 0.06495833333333333 0.2794765625 0.0175 0.045796875
73 0.10736458333333333 0.280765625 0.0591875 0.0471875
73 0.12510416666666668 0.1904453125 0.19637500000000002 0.07179687500000001
73 0.18648958333333335 0.1218671875 0.028770833333333336 0.045046875
57 0.09498958333333334 0.8798359375 0.18306250000000002 0.20985937500000001
58 0.9259583333333333 0.498328125 0.12170833333333334 0.13246875
58 0.8451354166666667 0.4225625 0.13022916666666667 0.15421875000000002
58 0.9444166666666667 0.3588046875 0.11116666666666666 0.162296875
